{
    "armature_name": "Skeleton",
    "frames": [
        {
            "frame": 1,
            "bones": {
                "spain": [
                    [
                        1.0,
                        0.0,
                        0.0,
                        0.0
                    ],
                    [
                        0.0,
                        1.0,
                        0.0,
                        0.0
                    ],
                    [
                        0.0,
                        0.0,
                        1.0,
                        0.0
                    ],
                    [
                        0.0,
                        0.0,
                        0.0,
                        1.0
                    ]
                ],
                "head": [
                    [
                        1.0,
                        0.0,
                        0.0,
                        -1.5851250166952849e-16
                    ],
                    [
                        0.0,
                        1.0,
                        0.0,
                        -7.356354122398604e-26
                    ],
                    [
                        0.0,
                        0.0,
                        0.9999999403953552,
                        2.756910460477668e-23
                    ],
                    [
                        0.0,
                        0.0,
                        0.0,
                        1.0
                    ]
                ],
                "right arm": [
                    [
                        1.0,
                        0.0,
                        0.0,
                        -1.069486499686266e-14
                    ],
                    [
                        0.0,
                        1.0,
                        0.0,
                        4.807795903616352e-07
                    ],
                    [
                        0.0,
                        0.0,
                        1.0000007152557373,
                        1.02154160686041e-07
                    ],
                    [
                        0.0,
                        0.0,
                        0.0,
                        1.0
                    ]
                ],
                "right forearm": [
                    [
                        1.0,
                        -7.105427357601002e-15,
                        1.4066870972630034e-14,
                        1.8976126551183137e-14
                    ],
                    [
                        7.1054265105680546e-15,
                        1.0000001192092896,
                        -7.841670692389764e-22,
                        -1.8589925332435087e-07
                    ],
                    [
                        -1.4066870972630034e-14,
                        7.841672711873682e-22,
                        1.0,
                        1.7143607067282574e-07
                    ],
                    [
                        0.0,
                        0.0,
                        0.0,
                        1.0
                    ]
                ],
                "left arm": [
                    [
                        0.9998853802680969,
                        0.014646617695689201,
                        0.0038378022145479918,
                        -1.674107087765858e-14
                    ],
                    [
                        -0.014646690338850021,
                        0.9998925924301147,
                        -9.862023034656886e-06,
                        1.1130268262604659e-07
                    ],
                    [
                        -0.0038375030271708965,
                        -4.634980723494664e-05,
                        1.0000009536743164,
                        1.266231635099757e-07
                    ],
                    [
                        0.0,
                        0.0,
                        0.0,
                        1.0
                    ]
                ],
                "left forearm": [
                    [
                        0.9999986290931702,
                        0.0016713469522073865,
                        -3.880609710904537e-06,
                        4.656534047242644e-10
                    ],
                    [
                        -0.0016713471850380301,
                        0.9999985694885254,
                        -1.5717509086243808e-05,
                        1.8509382471165736e-07
                    ],
                    [
                        3.854335318465019e-06,
                        1.5723971955594607e-05,
                        0.9999999403953552,
                        7.55533093865779e-08
                    ],
                    [
                        0.0,
                        0.0,
                        0.0,
                        1.0
                    ]
                ],
                "left thigh": [
                    [
                        1.0,
                        0.0,
                        0.0,
                        -1.4901159417490817e-08
                    ],
                    [
                        0.0,
                        0.9999999403953552,
                        0.0,
                        4.470348002882929e-08
                    ],
                    [
                        0.0,
                        0.0,
                        1.0,
                        8.881784197001252e-16
                    ],
                    [
                        0.0,
                        0.0,
                        0.0,
                        1.0
                    ]
                ],
                "left culf": [
                    [
                        0.9999998211860657,
                        0.0,
                        0.0,
                        5.798722613192808e-10
                    ],
                    [
                        0.0,
                        1.0000001192092896,
                        0.0,
                        3.624200332202898e-12
                    ],
                    [
                        0.0,
                        0.0,
                        1.0,
                        3.9019055788747076e-17
                    ],
                    [
                        0.0,
                        0.0,
                        0.0,
                        1.0
                    ]
                ],
                "right thigh": [
                    [
                        1.0,
                        2.220445916901415e-16,
                        -5.684341886080802e-14,
                        3.2638834905997834e-15
                    ],
                    [
                        -2.220446049250313e-16,
                        0.9999999403953552,
                        -1.3234883489961201e-23,
                        1.5028309263698247e-08
                    ],
                    [
                        5.684341886080802e-14,
                        1.3234894534013874e-23,
                        1.0,
                        -1.4772919776362414e-08
                    ],
                    [
                        0.0,
                        0.0,
                        0.0,
                        1.0
                    ]
                ],
                "right culf": [
                    [
                        1.0,
                        8.049116928532385e-16,
                        -2.6647954676217722e-14,
                        -1.1261561378794836e-14
                    ],
                    [
                        -8.049116928532385e-16,
                        1.0,
                        1.3234900844901116e-23,
                        1.8019719310579248e-23
                    ],
                    [
                        2.6647954676217722e-14,
                        -1.323487875679577e-23,
                        1.0,
                        -2.3957693069787645e-22
                    ],
                    [
                        0.0,
                        0.0,
                        0.0,
                        1.0
                    ]
                ]
            },
            "joints": {
                "spain": [
                    [
                        0.0,
                        0.0,
                        0.0
                    ],
                    [
                        0.0,
                        1.0401438821361353e-08,
                        0.30388200283050537
                    ]
                ],
                "head": [
                    [
                        -1.0682457922949075e-16,
                        4.40056382444709e-08,
                        1.2856415510177612
                    ],
                    [
                        2.6259277091227615e-15,
                        0.004120146855711937,
                        1.5894956588745117
                    ]
                ],
                "right arm": [
                    [
                        8.203008415488388e-15,
                        0.669720470905304,
                        1.13662588596344
                    ],
                    [
                        1.528704734413827e-14,
                        0.6961401700973511,
                        0.3951505422592163
                    ]
                ],
                "right forearm": [
                    [
                        -4.0535269910622895e-16,
                        0.6961403489112854,
                        0.39515072107315063
                    ],
                    [
                        -8.972094849837506e-15,
                        0.6925517320632935,
                        -0.3467865586280823
                    ]
                ],
                "left arm": [
                    [
                        2.790881234611669e-14,
                        -0.6568529009819031,
                        1.137153148651123
                    ],
                    [
                        0.01081770658493042,
                        -0.7043423056602478,
                        0.4001803994178772
                    ]
                ],
                "left forearm": [
                    [
                        0.010817711241543293,
                        -0.704342246055603,
                        0.4001801609992981
                    ],
                    [
                        0.023053910583257675,
                        -0.6956492066383362,
                        -0.33824777603149414
                    ]
                ],
                "left thigh": [
                    [
                        2.1799375455808234e-15,
                        -0.21323052048683167,
                        -0.21651099622249603
                    ],
                    [
                        -1.4901159417490817e-08,
                        -0.21323055028915405,
                        -1.4177056550979614
                    ]
                ],
                "left culf": [
                    [
                        -1.4901156752955558e-08,
                        -0.21323058009147644,
                        -1.4177052974700928
                    ],
                    [
                        -1.591421749935762e-08,
                        -0.20572330057621002,
                        -2.6188769340515137
                    ]
                ],
                "right thigh": [
                    [
                        6.716913249969715e-15,
                        0.23005042970180511,
                        -0.22120888531208038
                    ],
                    [
                        -2.3919671717506988e-14,
                        0.2197912037372589,
                        -1.4183443784713745
                    ]
                ],
                "right culf": [
                    [
                        -2.8748345663656e-14,
                        0.2197912037372589,
                        -1.418344259262085
                    ],
                    [
                        -5.915232903106957e-14,
                        0.2173021286725998,
                        -2.61552095413208
                    ]
                ]
            }
        },
        {
            "frame": 2,
            "bones": {
                "spain": [
                    [
                        1.0,
                        0.0,
                        0.0,
                        0.0
                    ],
                    [
                        0.0,
                        1.0,
                        0.0,
                        0.0
                    ],
                    [
                        0.0,
                        0.0,
                        1.0,
                        0.0
                    ],
                    [
                        0.0,
                        0.0,
                        0.0,
                        1.0
                    ]
                ],
                "head": [
                    [
                        1.0,
                        0.0,
                        0.0,
                        -1.5851250166952849e-16
                    ],
                    [
                        0.0,
                        1.0,
                        0.0,
                        -7.356354122398604e-26
                    ],
                    [
                        0.0,
                        0.0,
                        0.9999999403953552,
                        2.756910460477668e-23
                    ],
                    [
                        0.0,
                        0.0,
                        0.0,
                        1.0
                    ]
                ],
                "right arm": [
                    [
                        1.0,
                        0.0,
                        0.0,
                        -1.069486499686266e-14
                    ],
                    [
                        0.0,
                        1.0,
                        0.0,
                        4.807795903616352e-07
                    ],
                    [
                        0.0,
                        0.0,
                        1.0000007152557373,
                        1.02154160686041e-07
                    ],
                    [
                        0.0,
                        0.0,
                        0.0,
                        1.0
                    ]
                ],
                "right forearm": [
                    [
                        1.0,
                        -7.105427357601002e-15,
                        1.4066870972630034e-14,
                        1.8976126551183137e-14
                    ],
                    [
                        7.1054265105680546e-15,
                        1.0000001192092896,
                        -7.841670692389764e-22,
                        -1.8589925332435087e-07
                    ],
                    [
                        -1.4066870972630034e-14,
                        7.841672711873682e-22,
                        1.0,
                        1.7143607067282574e-07
                    ],
                    [
                        0.0,
                        0.0,
                        0.0,
                        1.0
                    ]
                ],
                "left arm": [
                    [
                        0.9982373118400574,
                        0.05741232633590698,
                        0.015036702156066895,
                        -1.674107087765858e-14
                    ],
                    [
                        -0.05741368234157562,
                        0.9983503222465515,
                        -0.0003422846784815192,
                        1.1130268262604659e-07
                    ],
                    [
                        -0.015031423419713974,
                        -0.0005216266727074981,
                        0.9998952150344849,
                        1.266231635099757e-07
                    ],
                    [
                        0.0,
                        0.0,
                        0.0,
                        1.0
                    ]
                ],
                "left forearm": [
                    [
                        0.99997878074646,
                        0.0065146577544510365,
                        -3.135317092528567e-05,
                        5.456889384802821e-10
                    ],
                    [
                        -0.0065146624110639095,
                        0.9999787211418152,
                        -0.0001247926993528381,
                        1.8116689659564145e-07
                    ],
                    [
                        3.053952968912199e-05,
                        0.0001249943015864119,
                        0.9999999403953552,
                        7.305065707896574e-08
                    ],
                    [
                        0.0,
                        0.0,
                        0.0,
                        1.0
                    ]
                ],
                "left thigh": [
                    [
                        1.0,
                        0.0,
                        0.0,
                        -1.4901159417490817e-08
                    ],
                    [
                        0.0,
                        0.9999999403953552,
                        0.0,
                        4.470348002882929e-08
                    ],
                    [
                        0.0,
                        0.0,
                        1.0,
                        8.881784197001252e-16
                    ],
                    [
                        0.0,
                        0.0,
                        0.0,
                        1.0
                    ]
                ],
                "left culf": [
                    [
                        0.9999998211860657,
                        0.0,
                        0.0,
                        5.798722613192808e-10
                    ],
                    [
                        0.0,
                        1.0000001192092896,
                        0.0,
                        3.624200332202898e-12
                    ],
                    [
                        0.0,
                        0.0,
                        1.0,
                        3.9019055788747076e-17
                    ],
                    [
                        0.0,
                        0.0,
                        0.0,
                        1.0
                    ]
                ],
                "right thigh": [
                    [
                        1.0,
                        2.220445916901415e-16,
                        -5.684341886080802e-14,
                        3.2638834905997834e-15
                    ],
                    [
                        -2.220446049250313e-16,
                        0.9999999403953552,
                        -1.3234883489961201e-23,
                        1.5028309263698247e-08
                    ],
                    [
                        5.684341886080802e-14,
                        1.3234894534013874e-23,
                        1.0,
                        -1.4772919776362414e-08
                    ],
                    [
                        0.0,
                        0.0,
                        0.0,
                        1.0
                    ]
                ],
                "right culf": [
                    [
                        1.0,
                        8.049116928532385e-16,
                        -2.6647954676217722e-14,
                        -1.1261561378794836e-14
                    ],
                    [
                        -8.049116928532385e-16,
                        1.0,
                        1.3234900844901116e-23,
                        1.8019719310579248e-23
                    ],
                    [
                        2.6647954676217722e-14,
                        -1.323487875679577e-23,
                        1.0,
                        -2.3957693069787645e-22
                    ],
                    [
                        0.0,
                        0.0,
                        0.0,
                        1.0
                    ]
                ]
            },
            "joints": {
                "spain": [
                    [
                        0.0,
                        0.0,
                        0.0
                    ],
                    [
                        0.0,
                        1.0401438821361353e-08,
                        0.30388200283050537
                    ]
                ],
                "head": [
                    [
                        -1.0682457922949075e-16,
                        4.40056382444709e-08,
                        1.2856415510177612
                    ],
                    [
                        2.6259277091227615e-15,
                        0.004120146855711937,
                        1.5894956588745117
                    ]
                ],
                "right arm": [
                    [
                        8.203008415488388e-15,
                        0.669720470905304,
                        1.13662588596344
                    ],
                    [
                        1.528704734413827e-14,
                        0.6961401700973511,
                        0.3951505422592163
                    ]
                ],
                "right forearm": [
                    [
                        -4.0535269910622895e-16,
                        0.6961403489112854,
                        0.39515072107315063
                    ],
                    [
                        -8.972094849837506e-15,
                        0.6925517320632935,
                        -0.3467865586280823
                    ]
                ],
                "left arm": [
                    [
                        2.790881234611669e-14,
                        -0.6568529009819031,
                        1.137153148651123
                    ],
                    [
                        0.042403627187013626,
                        -0.7046194076538086,
                        0.40133970975875854
                    ]
                ],
                "left forearm": [
                    [
                        0.04240364208817482,
                        -0.7046193480491638,
                        0.40133947134017944
                    ],
                    [
                        0.09033207595348358,
                        -0.6961776614189148,
                        -0.3356359601020813
                    ]
                ],
                "left thigh": [
                    [
                        2.1799375455808234e-15,
                        -0.21323052048683167,
                        -0.21651099622249603
                    ],
                    [
                        -1.4901159417490817e-08,
                        -0.21323055028915405,
                        -1.4177056550979614
                    ]
                ],
                "left culf": [
                    [
                        -1.4901156752955558e-08,
                        -0.21323058009147644,
                        -1.4177052974700928
                    ],
                    [
                        -1.591421749935762e-08,
                        -0.20572330057621002,
                        -2.6188769340515137
                    ]
                ],
                "right thigh": [
                    [
                        6.716913249969715e-15,
                        0.23005042970180511,
                        -0.22120888531208038
                    ],
                    [
                        -2.3919671717506988e-14,
                        0.2197912037372589,
                        -1.4183443784713745
                    ]
                ],
                "right culf": [
                    [
                        -2.8748345663656e-14,
                        0.2197912037372589,
                        -1.418344259262085
                    ],
                    [
                        -5.915232903106957e-14,
                        0.2173021286725998,
                        -2.61552095413208
                    ]
                ]
            }
        },
        {
            "frame": 3,
            "bones": {
                "spain": [
                    [
                        1.0,
                        0.0,
                        0.0,
                        0.0
                    ],
                    [
                        0.0,
                        1.0,
                        0.0,
                        0.0
                    ],
                    [
                        0.0,
                        0.0,
                        1.0,
                        0.0
                    ],
                    [
                        0.0,
                        0.0,
                        0.0,
                        1.0
                    ]
                ],
                "head": [
                    [
                        1.0,
                        0.0,
                        0.0,
                        -1.5851250166952849e-16
                    ],
                    [
                        0.0,
                        1.0,
                        0.0,
                        -7.356354122398604e-26
                    ],
                    [
                        0.0,
                        0.0,
                        0.9999999403953552,
                        2.756910460477668e-23
                    ],
                    [
                        0.0,
                        0.0,
                        0.0,
                        1.0
                    ]
                ],
                "right arm": [
                    [
                        1.0,
                        0.0,
                        0.0,
                        -1.069486499686266e-14
                    ],
                    [
                        0.0,
                        1.0,
                        0.0,
                        4.807795903616352e-07
                    ],
                    [
                        0.0,
                        0.0,
                        1.0000007152557373,
                        1.02154160686041e-07
                    ],
                    [
                        0.0,
                        0.0,
                        0.0,
                        1.0
                    ]
                ],
                "right forearm": [
                    [
                        1.0,
                        -7.105427357601002e-15,
                        1.4066870972630034e-14,
                        1.8976126551183137e-14
                    ],
                    [
                        7.1054265105680546e-15,
                        1.0000001192092896,
                        -7.841670692389764e-22,
                        -1.8589925332435087e-07
                    ],
                    [
                        -1.4066870972630034e-14,
                        7.841672711873682e-22,
                        1.0,
                        1.7143607067282574e-07
                    ],
                    [
                        0.0,
                        0.0,
                        0.0,
                        1.0
                    ]
                ],
                "left arm": [
                    [
                        0.9912915229797363,
                        0.1273919641971588,
                        0.0333537757396698,
                        -1.674107087765858e-14
                    ],
                    [
                        -0.12740013003349304,
                        0.9918494820594788,
                        -0.0018891437212005258,
                        1.1130268262604659e-07
                    ],
                    [
                        -0.03332231193780899,
                        -0.00237656245008111,
                        0.999450147151947,
                        1.266231635099757e-07
                    ],
                    [
                        0.0,
                        0.0,
                        0.0,
                        1.0
                    ]
                ],
                "left forearm": [
                    [
                        0.9998981356620789,
                        0.014273769222199917,
                        -0.00010743872553575784,
                        6.257244722362998e-10
                    ],
                    [
                        -0.014273814857006073,
                        0.9998979568481445,
                        -0.0004199187096673995,
                        1.7723996847962553e-07
                    ],
                    [
                        0.00010143395775230601,
                        0.0004214094951748848,
                        0.9999998211860657,
                        7.054799766592623e-08
                    ],
                    [
                        0.0,
                        0.0,
                        0.0,
                        1.0
                    ]
                ],
                "left thigh": [
                    [
                        1.0,
                        0.0,
                        0.0,
                        -1.4901159417490817e-08
                    ],
                    [
                        0.0,
                        0.9999999403953552,
                        0.0,
                        4.470348002882929e-08
                    ],
                    [
                        0.0,
                        0.0,
                        1.0,
                        8.881784197001252e-16
                    ],
                    [
                        0.0,
                        0.0,
                        0.0,
                        1.0
                    ]
                ],
                "left culf": [
                    [
                        0.9999998211860657,
                        0.0,
                        0.0,
                        5.798722613192808e-10
                    ],
                    [
                        0.0,
                        1.0000001192092896,
                        0.0,
                        3.624200332202898e-12
                    ],
                    [
                        0.0,
                        0.0,
                        1.0,
                        3.9019055788747076e-17
                    ],
                    [
                        0.0,
                        0.0,
                        0.0,
                        1.0
                    ]
                ],
                "right thigh": [
                    [
                        1.0,
                        2.220445916901415e-16,
                        -5.684341886080802e-14,
                        3.2638834905997834e-15
                    ],
                    [
                        -2.220446049250313e-16,
                        0.9999999403953552,
                        -1.3234883489961201e-23,
                        1.5028309263698247e-08
                    ],
                    [
                        5.684341886080802e-14,
                        1.3234894534013874e-23,
                        1.0,
                        -1.4772919776362414e-08
                    ],
                    [
                        0.0,
                        0.0,
                        0.0,
                        1.0
                    ]
                ],
                "right culf": [
                    [
                        1.0,
                        8.049116928532385e-16,
                        -2.6647954676217722e-14,
                        -1.1261561378794836e-14
                    ],
                    [
                        -8.049116928532385e-16,
                        1.0,
                        1.3234900844901116e-23,
                        1.8019719310579248e-23
                    ],
                    [
                        2.6647954676217722e-14,
                        -1.323487875679577e-23,
                        1.0,
                        -2.3957693069787645e-22
                    ],
                    [
                        0.0,
                        0.0,
                        0.0,
                        1.0
                    ]
                ]
            },
            "joints": {
                "spain": [
                    [
                        0.0,
                        0.0,
                        0.0
                    ],
                    [
                        0.0,
                        1.0401438821361353e-08,
                        0.30388200283050537
                    ]
                ],
                "head": [
                    [
                        -1.0682457922949075e-16,
                        4.40056382444709e-08,
                        1.2856415510177612
                    ],
                    [
                        2.6259277091227615e-15,
                        0.004120146855711937,
                        1.5894956588745117
                    ]
                ],
                "right arm": [
                    [
                        8.203008415488388e-15,
                        0.669720470905304,
                        1.13662588596344
                    ],
                    [
                        1.528704734413827e-14,
                        0.6961401700973511,
                        0.3951505422592163
                    ]
                ],
                "right forearm": [
                    [
                        -4.0535269910622895e-16,
                        0.6961403489112854,
                        0.39515072107315063
                    ],
                    [
                        -8.972094849837506e-15,
                        0.6925517320632935,
                        -0.3467865586280823
                    ]
                ],
                "left arm": [
                    [
                        2.790881234611669e-14,
                        -0.6568529009819031,
                        1.137153148651123
                    ],
                    [
                        0.09408922493457794,
                        -0.7056781053543091,
                        0.4062191843986511
                    ]
                ],
                "left forearm": [
                    [
                        0.09408925473690033,
                        -0.7056780457496643,
                        0.406218945980072
                    ],
                    [
                        0.20022717118263245,
                        -0.6983029246330261,
                        -0.32465827465057373
                    ]
                ],
                "left thigh": [
                    [
                        2.1799375455808234e-15,
                        -0.21323052048683167,
                        -0.21651099622249603
                    ],
                    [
                        -1.4901159417490817e-08,
                        -0.21323055028915405,
                        -1.4177056550979614
                    ]
                ],
                "left culf": [
                    [
                        -1.4901156752955558e-08,
                        -0.21323058009147644,
                        -1.4177052974700928
                    ],
                    [
                        -1.591421749935762e-08,
                        -0.20572330057621002,
                        -2.6188769340515137
                    ]
                ],
                "right thigh": [
                    [
                        6.716913249969715e-15,
                        0.23005042970180511,
                        -0.22120888531208038
                    ],
                    [
                        -2.3919671717506988e-14,
                        0.2197912037372589,
                        -1.4183443784713745
                    ]
                ],
                "right culf": [
                    [
                        -2.8748345663656e-14,
                        0.2197912037372589,
                        -1.418344259262085
                    ],
                    [
                        -5.915232903106957e-14,
                        0.2173021286725998,
                        -2.61552095413208
                    ]
                ]
            }
        },
        {
            "frame": 4,
            "bones": {
                "spain": [
                    [
                        1.0,
                        0.0,
                        0.0,
                        0.0
                    ],
                    [
                        0.0,
                        1.0,
                        0.0,
                        0.0
                    ],
                    [
                        0.0,
                        0.0,
                        1.0,
                        0.0
                    ],
                    [
                        0.0,
                        0.0,
                        0.0,
                        1.0
                    ]
                ],
                "head": [
                    [
                        1.0,
                        0.0,
                        0.0,
                        -1.5851250166952849e-16
                    ],
                    [
                        0.0,
                        1.0,
                        0.0,
                        -7.356354122398604e-26
                    ],
                    [
                        0.0,
                        0.0,
                        0.9999999403953552,
                        2.756910460477668e-23
                    ],
                    [
                        0.0,
                        0.0,
                        0.0,
                        1.0
                    ]
                ],
                "right arm": [
                    [
                        1.0,
                        0.0,
                        0.0,
                        -1.069486499686266e-14
                    ],
                    [
                        0.0,
                        1.0,
                        0.0,
                        4.807795903616352e-07
                    ],
                    [
                        0.0,
                        0.0,
                        1.0000007152557373,
                        1.02154160686041e-07
                    ],
                    [
                        0.0,
                        0.0,
                        0.0,
                        1.0
                    ]
                ],
                "right forearm": [
                    [
                        1.0,
                        -7.105427357601002e-15,
                        1.4066870972630034e-14,
                        1.8976126551183137e-14
                    ],
                    [
                        7.1054265105680546e-15,
                        1.0000001192092896,
                        -7.841670692389764e-22,
                        -1.8589925332435087e-07
                    ],
                    [
                        -1.4066870972630034e-14,
                        7.841672711873682e-22,
                        1.0,
                        1.7143607067282574e-07
                    ],
                    [
                        0.0,
